



 rts [1,2,3]                                                        
the ones [[1],[2],[3]]                                              
the twos [[1,2],[3]],[[1],[2,3]]                                    
the threes [1,2,3]                                                  
                                                                    
parts [1,2,3,4]                                                     
the ones [[1],[2],[3],[4]]                                          
the twos [[1,2],[3,4]]                                              
the twos ones [[1],[2,3],[4]],[[1,2],[3],[4]],[[1],[2],[3,4]]       
the threes [[1,2,3],[4]],[[1],[2,3,4]]                              
the fours [[1,2,3,4]]



parts [1,2,3,4,5]
the ones [[1],[2],[3],[4],[5]]
the twos [[1,2],[3,4],[5]], [[1],[2,3],[4,5]], [[1,2],[3],[4,5]]
the twos ones [[1,2],[3],[4],[5]],[[1],[2,3],[4],[5]],[[1],[2],[3,4],[5]],[[1],[2],[3],[4,5]]
the threes twos [[1,2,3],[4,5]],[[1,2],[3,4,5]]
the threes ones [[1,2,3],[4],[5]], [[1],[2,3,4],[5]], [[1],[2],[3,4,5]]
the fours [[1,2,3,4],[5]] ,[[1],[2,3,4,5]]
the fives [1,2,3,4,5]
